271 0.04068951435780947
272 0.22202664962328597
273 -0.37095205013777904
274 0.678354027127676
275 0.7562228324789263
276 0.41994029092887375
277 1.2223991555204965
278 -1.2442058061861334
279 2.795472364620223
280 9.855427649179093
281 0.7326316982766501
282 0.7141553977277495
283 3.970245436200382
284 6.5698903781855025
285 0.2750668346796175
286 0.6364901781617511
287 4.442330907076534
288 3.9567694867126733
289 0.028176742461280924
290 0.35329819629090736
291 4.879775868218923
292 0.3701078117278095
293 0.896049477495564
294 1.1344609411655657
295 0.2021685803080319
296 0.2731021788070235
297 -0.5977378441669859
298 0.6324680332311261
299 -0.31791560875642255
300 0.8300439178799561
301 0.46108889019794547
302 1.255087789536474
303 0.41083017509142683
304 -0.02442030310410619
305 0.5769521003636641
306 1.1839278461839609
308 1.696810303112737
