271 -0.04811599999999999
272 0.015666
273 -0.08970600000000001
274 0.015286500000000003
275 0.015686499999999992
276 -0.08362349999999998
277 -0.07971900000000003
278 -0.0149785
279 1.5014230000000002
280 1.5329710000000003
281 0.0
282 0.023596
283 0.6800685
284 0.5096390000000001
285 -0.013689500000000002
286 0.038773499999999995
287 0.8512249999999998
288 0.9753525
289 0.023866500000000002
290 -0.10491750000000002
291 2.4516875
292 -0.09758800000000001
293 0.42603950000000007
294 -0.008388499999999998
295 0.10608900000000002
296 -0.004946500000000001
297 -0.0037565000000000003
298 0.0021500000000000017
299 0.0102075
300 0.006406500000000001
301 0.006559
302 0.0030090000000000004
303 0.011095999999999998
304 0.0
305 0.0014490000000000013
306 -0.002401000000000003
308 -0.0112925
