271 -0.5686755192415515
272 -0.5035830543095607
273 -0.5593962644163879
274 -0.2416423777480683
275 -0.5987662481005634
276 -0.03104311834874855
277 1.0030590000613844
278 -0.5433535649954259
279 2.1693475454824025
280 3.5746995071481775
281 1.5447694940613572
282 -0.03156084501292171
283 1.358997788390416
284 3.3152040934461398
285 0.7608693112684193
286 1.3634314629980693
287 4.294783335896896
288 3.0918494144774513
289 0.22645478071861985
290 0.6682059102191721
291 4.196593913872003
292 -0.02159546012556814
293 2.8525117737801176
294 -0.32196795414125584
295 3.815399167223434
296 -0.017128218624181707
297 0.6149819023632437
298 0.16431961600641176
299 -0.029497903382244624
300 -0.066301442031834
301 0.3531772001673408
302 0.36385773056768156
303 -0.1900130818035307
304 -0.1743908219481179
305 -0.03730078381917653
306 0.2543977973176306
308 0.1339119929143346
