271 0.3944530803206698
272 0.5934679856335159
273 1.0453631587221304
274 -0.0028072566144798474
275 2.046424229294369
276 0.5868151045594808
277 -1.8032593890565565
278 -0.1568156598281413
279 2.4638383943023707
280 7.456635211465361
282 -0.6646111800192941
283 2.4721739332757187
284 11.816049541345764
285 0.9896343112203217
286 0.04125665048395388
287 4.17577531994308
288 2.0812405349094116
289 0.09960229747959345
290 -0.0063527755623056905
291 4.157384379609808
292 0.5620258875204824
293 -0.5433545418270509
294 0.6675759203340634
296 0.2631937922995834
297 0.2169876218465155
298 -0.6525193314659905
299 0.3949385901641637
300 -0.2525184002743809
301 -0.07590786780686817
302 0.37254279026113235
303 0.24631171368262866
305 0.1489927659994919
306 0.684173150020092
307 -0.2874573052826094
