271 0.017593
272 -0.006435000000000001
273 0.177495
274 -0.015730499999999998
275 0.611208
276 -0.13009600000000002
277 -0.4529674999999999
278 0.013170499999999998
279 1.4379005
280 2.0441325
282 0.032064999999999996
283 0.5621134999999999
284 1.169849
285 0.013550000000000001
286 0.0947605
287 0.7903125
288 0.17050800000000002
289 0.015549500000000003
290 0.16696
291 2.387441
292 -0.0500205
293 0.419223
294 -0.0005644999999999991
296 0.0028964999999999998
297 -0.004258000000000002
298 0.0089425
299 0.012358000000000001
300 -0.0076650000000000025
301 0.013358
302 -0.0019735000000000035
303 -0.0014305
305 0.0009380000000000002
306 0.06705799999999999
307 0.004748999999999999
