271 -0.40410386706761303
272 -0.6005100197767266
273 0.8595588231148223
274 -0.5774785793212749
275 2.050258465211392
276 -0.35275562274075795
277 -0.4162351699882908
278 -0.699681984602483
279 2.641935840527208
280 1.2902658756896872
282 -0.28670963045847325
283 1.868481219879341
284 3.160853275909761
285 -0.7044376738164886
286 0.5240935641623609
287 3.6326735149144227
288 -0.35618229054024153
289 -0.28920666598439504
290 1.8827545457560606
291 4.329590497772665
292 0.559058319758724
293 1.4370294374108668
294 -0.42840459124558494
296 -0.5435122965769758
297 -0.7203631735749443
298 -0.4212593943510778
299 -0.7203756900437717
300 -0.7829347079041543
301 -0.7575865828596854
302 -0.6474860339792344
303 -0.7178769477267246
305 -0.5960547258137756
306 -0.23436803365286676
307 -0.5236691420837978
