271 0.37393974618798886
272 0.4721490807769559
273 0.2759153139791505
274 0.5675558642151357
275 -0.12824601505911934
276 0.22441687202652955
277 0.20829964272316923
278 0.20229970272436598
279 3.1715076355123477
280 2.673871041744439
281 0.8001050273791421
282 0.0697832960814794
283 1.3596270254139615
284 3.0742706029775375
285 0.5836292858776311
286 0.9838240321666433
287 4.284592654572122
288 1.600907563427559
289 0.8100681365450282
290 0.5245674831865925
291 5.030875159313016
292 2.379545708950573
293 3.004541355285273
294 -0.10667729466205036
295 0.25711387104855593
296 0.16131224991258816
297 0.7003829068565597
298 -0.11750631589685756
299 -0.025344142530338586
300 -0.03187091208008598
301 -0.1942305628580743
302 0.00834450217887126
303 0.11599580568701076
304 0.588586376453409
305 0.5491111406453647
306 0.26923151963944775
307 0.04458935117536845
308 0.5625885328922693
