271 -0.027823521689562637
272 -1.2099170526383247
273 3.5056901099759665
274 0.38857612043085366
275 3.95174845982553
276 1.2978617834556752
277 1.9800278069679682
278 0.28906264522722347
279 2.775354523463984
280 8.871145652244476
281 -0.6382557140670756
282 -0.17997903875377358
283 2.18408588622768
284 8.348884210117987
285 0.02377016776292301
286 0.897029357137483
287 4.2355422149555295
288 5.2673933656581475
289 0.6993920168087044
290 0.6259743780637399
291 4.3641274797853695
292 0.6147101292938557
293 2.386675184811481
294 -0.14992578412989252
295 -0.04296040795362849
296 0.6520032017479982
297 -0.07432936494677032
298 0.2256241112847362
299 0.44535572159532
300 0.14430332582173272
301 -0.15475660810630795
302 0.3190890877173334
303 0.5205234431377546
304 -0.4682616463452173
305 0.47862914283358127
306 1.4210642296631755
307 -0.5454984918801842
308 1.7417965906548254
