271 0.15108299999999997
272 0.024051999999999997
273 0.7782825000000001
274 0.094265
275 0.49512199999999995
276 0.21062950000000003
277 -0.08344749999999998
278 -0.0464515
279 1.144785
280 1.6330735
281 0.048446
282 -0.031044500000000003
283 0.6137835
284 1.2317390000000004
285 -0.032129
286 0.042968000000000006
287 0.6644439999999999
288 0.006219999999999995
289 0.030970500000000005
290 0.11393349999999998
291 2.4136265000000003
292 -0.07423650000000001
293 0.9094129999999998
294 -0.030337000000000003
295 -0.009679499999999997
296 0.011898500000000001
297 -0.004754
298 0.035071000000000005
299 0.013198999999999999
300 0.014682999999999998
301 0.013453999999999999
302 0.021197499999999998
303 -0.0003849999999999992
304 -0.013671999999999998
305 0.05500299999999999
306 0.012114499999999997
307 -0.012525499999999998
308 0.4559639999999999
